image_width: 1280                                                         
image_height: 1024                                                        
camera_name: 16061047                                  
camera_matrix:                                                            
    rows: 3                                                               
    cols: 3                                                               
    data: [849.8912, 0, 622.4161, 0, 851.0975, 513.5424 , 0, 0, 1]        
distortion_model: plumb_bob                                               
distortion_coefficients:                                                  
    rows: 1                                                               
    cols: 5                                                               
    data: [-0.10881, 0.084788, -0.00095662, -0.00063176, 0]               
rectification_matrix:                                                     
    rows: 3                                                               
    cols: 3                                                               
    data: [1, 0, 0, 0, 1, 0, 0, 0, 1]                                     
projection_matrix:                                                        
    rows: 3                                                               
    cols: 4                                                               
    data: [849.8912, 0, 622.4161, 0, 0, 851.0975, 513.5424, 0, 0, 0, 1, 0]
